% System Details
h = 10000;
Cla = 5.9598;
Cl0 = 0.2301;
Clih = 0.8299;
Clde = 0.2391;
e = 0.85;
Cm0 = -0.0812;
Cma = -3.1069;
Cmih = -3.4077;
Cmde = -0.9816;
Cd_0 = 0.0172;

Sw = 363.12;
ARw = 10.03;
GW = 2500000;
rhosl = 1.225;
lambda = (1-22.556e-6*h);
sigma = lambda^4.2561;
rho = rhosl*lambda^4.2561;
C1 = 0.5*rho*Sw;
Cw = 7.49;

g = 9.81;
Iyy = 30513547.0;
m = GW/g;